1.5501740159792807
4.534731407853463
0.822283656080112
1.5984671443034855
3.426118448878767
0.9782567449521633
0.965855043940572
0.49937762419942183
0.6304719420918315
0.6491039131246996
0.934122706587998
0.7068780444141091
0.2614642435360712
0.9025547814648511
0.6055819971140882
1.7929487548776375
2.0675711989937273
2.242583986069624
0.7708675381631378
2.4094472344395648
1.1909328833727548
0.6857006850186467
0.7320389583604732
0.595661267985811
0.6889425020826216
1.0838168675457214
0.9040423676092711
1.0522225688377342
0.6506453550410982
0.987191108756243
1.023181424344737
0.2822231703995843
0.6721422866872364
0.9634715822289284
0.633623781251871
0.5661101707682332
1.2791423434125198
0.9727534552615607
1.2814818380513817
0.6133113230464592
0.4397939880826733
0.30395602463054494
1.0643869567718007
2.24632347190465
0.372522068980935
0.7683120484487819
0.580340749056318
3.8781944499835976
0.8656882710327085
1.9123671609170243
0.3558453658156197
0.23271901580201115
0.522330967959003
1.441894296386359
1.2325878344209382
1.8043492563580577
0.418030994313897
0.6037167205782913
0.7356094543264224
2.5517102543293446
0.6661881161851662
0.5995278131924742
0.7091888814316356
1.3839957201938349
0.5654663211829123
0.6166930275270912
0.7811060962449478
0.47081964311810626
0.8398584072177717
0.5096801160949778
0.6115469957119599
1.2076426637806412
0.9022111395939392
2.203920101531426
0.6775065957879396
1.1994740651550346
1.2323718385995277
1.5392591611082125
1.0125931231520149
0.2236559467095352
1.1994357978868684
0.9360455577578974
1.3748562521804646
1.2791949167013699
0.6746692202571313
1.2329739907706232
0.647816079765761
0.6263373015583342
0.9633953995757764
0.6916841535383825
0.9651565742091465
0.8411909128215065
1.2985321596579305
0.7449994121835515
1.921602538707355
1.2739709357775908
0.17662704230528492
0.9963642761464042
1.1309843209315535
0.6079224055713478
